0 0.57421875 0.9390625 0.06484375 0.121875
0 0.715625 0.7765625 0.053125 0.10390625
0 0.83203125 0.94765625 0.075 0.1046875
0 0.84765625 0.8765625 0.05703125 0.10390625
0 0.95 0.903125 0.06328125 0.19375
0 0.93828125 0.6359375 0.0375 0.0765625
0 0.04296875 0.5515625 0.02265625 0.11171875
0 0.08046875 0.54921875 0.0234375 0.1390625
0 0.128125 0.534375 0.01875 0.128125
0 0.4671875 0.58515625 0.025 0.11875
0 0.4046875 0.540625 0.0203125 0.05625
0 0.4328125 0.5203125 0.015625 0.021875
0 0.43046875 0.5453125 0.0203125 0.05
0 0.45078125 0.5328125 0.0125 0.0328125
0 0.475 0.534375 0.01796875 0.03828125
0 0.9328125 0.5765625 0.0234375 0.05625
0 0.959375 0.56171875 0.0265625 0.05078125
0 0.93984375 0.5359375 0.025 0.04765625
0 0.96875 0.52734375 0.0203125 0.03984375
0 0.99375 0.5984375 0.0125 0.1734375