0 0.5796875 0.9453125 0.06875 0.10859375
0 0.721875 0.77109375 0.0515625 0.09921875
0 0.8578125 0.89609375 0.0703125 0.0984375
0 0.8375 0.9546875 0.07890625 0.090625
0 0.9703125 0.90234375 0.059375 0.1953125
0 0.94765625 0.640625 0.04296875 0.07578125
0 0.94453125 0.5734375 0.03671875 0.0625
0 0.1265625 0.5328125 0.021875 0.10234375
0 0.39609375 0.515625 0.02578125 0.08984375
0 0.96484375 0.56484375 0.0234375 0.0609375
0 0.978125 0.5515625 0.01953125 0.04765625
0 0.40625 0.5390625 0.0203125 0.0484375
0 0.43125 0.54609375 0.01875 0.05625
0 0.45390625 0.54453125 0.021875 0.05859375
0 0.47734375 0.53828125 0.01796875 0.03671875
0 0.41328125 0.52109375 0.0171875 0.0265625