0 0.58828125 0.95625 0.0703125 0.0875
0 0.73359375 0.78828125 0.06328125 0.10546875
0 0.8625 0.95390625 0.0734375 0.0921875
0 0.871875 0.90078125 0.06015625 0.10234375
0 0.96796875 0.65 0.03984375 0.08125
0 0.9625 0.58203125 0.02890625 0.0703125
0 0.9859375 0.5703125 0.02734375 0.075
0 0.05 0.55859375 0.03515625 0.1484375
0 0.0953125 0.54140625 0.0234375 0.1375
0 0.12421875 0.53984375 0.015625 0.12421875
0 0.20078125 0.91171875 0.06171875 0.03203125
0 0.13359375 0.53046875 0.01328125 0.12578125
0 0.41171875 0.5421875 0.02421875 0.06015625
0 0.4375 0.5203125 0.015625 0.028125
0 0.43671875 0.55078125 0.01953125 0.06171875
0 0.4546875 0.5359375 0.0140625 0.02734375
0 0.4640625 0.55234375 0.0171875 0.0625
0 0.48359375 0.54609375 0.0203125 0.0453125