0 0.584375 0.94140625 0.0671875 0.1
0 0.7203125 0.771875 0.059375 0.08984375
0 0.8359375 0.94296875 0.0671875 0.1078125
0 0.96953125 0.9109375 0.0609375 0.178125
0 0.8578125 0.88828125 0.06171875 0.09453125
0 0.94140625 0.64375 0.04765625 0.07890625
0 0.4078125 0.52890625 0.02578125 0.05703125
0 0.4328125 0.5390625 0.01875 0.04765625
0 0.45390625 0.5328125 0.0171875 0.02734375
0 0.46796875 0.54296875 0.021875 0.0609375
0 0.48203125 0.53984375 0.01796875 0.03515625
0 0.2625 0.53125 0.0234375 0.07734375
0 0.9375 0.5734375 0.0296875 0.05390625
0 0.96640625 0.56171875 0.02890625 0.05234375