0 0.0796875 0.60234375 0.0296875 0.06015625
0 0.14765625 0.55078125 0.03125 0.11328125
0 0.03359375 0.53671875 0.0265625 0.134375
0 0.05 0.5453125 0.0203125 0.12109375
0 0.08125 0.546875 0.02578125 0.128125
0 0.20625 0.51640625 0.021875 0.10703125
0 0.10546875 0.546875 0.01953125 0.134375
0 0.3046875 0.51015625 0.025 0.10625
0 0.4140625 0.49140625 0.02421875 0.08828125
0 0.384375 0.53828125 0.028125 0.07578125
0 0.43046875 0.54296875 0.03203125 0.05078125
0 0.53671875 0.6375 0.03671875 0.1046875
0 0.56640625 0.63671875 0.03125 0.115625
0 0.77578125 0.55 0.0328125 0.06640625
0 0.7890625 0.7359375 0.03671875 0.090625
0 0.95078125 0.5734375 0.034375 0.075
0 0.5453125 0.54140625 0.0328125 0.0578125
0 0.5296875 0.515625 0.02734375 0.04609375
0 0.5578125 0.50703125 0.021875 0.04765625
0 0.5546875 0.48828125 0.01953125 0.04453125
0 0.2109375 0.4796875 0.0171875 0.07265625