0 0.59140625 0.95390625 0.06953125 0.09140625
0 0.7296875 0.7875 0.06015625 0.09140625
0 0.846875 0.95234375 0.06875 0.0953125
0 0.97578125 0.91875 0.0453125 0.1625
0 0.87109375 0.90546875 0.06328125 0.096875
0 0.95625 0.65625 0.0484375 0.08046875
0 0.4109375 0.5390625 0.0265625 0.05859375
0 0.43671875 0.55 0.01875 0.0484375
0 0.4578125 0.54296875 0.0171875 0.028125
0 0.47265625 0.553125 0.021875 0.06171875
0 0.48671875 0.55 0.01796875 0.0359375
0 0.2625 0.54140625 0.02421875 0.07890625
0 0.9515625 0.58515625 0.03046875 0.05546875
0 0.98125 0.571875 0.0296875 0.05390625