0 0.53359375 0.97109375 0.071875 0.0578125
0 0.69296875 0.9546875 0.0703125 0.090625
0 0.83828125 0.9765625 0.0765625 0.046875
0 0.83671875 0.94609375 0.078125 0.1078125
0 0.6921875 0.8203125 0.071875 0.10234375
0 0.69921875 0.71328125 0.0484375 0.11796875
0 0.75625 0.7390625 0.04375 0.12890625
0 0.790625 0.69921875 0.04765625 0.09140625
0 0.94453125 0.671875 0.04921875 0.09609375
0 0.82265625 0.55703125 0.0328125 0.06015625
0 0.59140625 0.5234375 0.0375 0.0484375
0 0.03046875 0.54765625 0.03125 0.1375
0 0.06328125 0.615625 0.04375 0.08046875
0 0.9359375 0.6 0.040625 0.07109375
0 0.9640625 0.58671875 0.03359375 0.07109375
0 0.97578125 0.5796875 0.0265625 0.0609375
0 0.3390625 0.559375 0.02421875 0.06171875
0 0.3703125 0.53828125 0.0171875 0.02734375
0 0.371875 0.56484375 0.02578125 0.06328125
0 0.39296875 0.54609375 0.01640625 0.028125
0 0.4 0.56640625 0.025 0.06015625
0 0.42421875 0.5515625 0.01875 0.04375