0 0.01875 0.62109375 0.0375 0.0796875
0 0.12421875 0.5953125 0.03671875 0.06484375
0 0.13515625 0.5234375 0.0296875 0.109375
0 0.2578125 0.55546875 0.03046875 0.059375
0 0.284375 0.5234375 0.02109375 0.0875
0 0.3078125 0.521875 0.01953125 0.09375
0 0.40078125 0.53671875 0.028125 0.0640625
0 0.44609375 0.54765625 0.03203125 0.0671875
0 0.54453125 0.54375 0.02421875 0.05390625
0 0.55625 0.5078125 0.021875 0.04765625
0 0.540625 0.6296875 0.028125 0.096875
0 0.5671875 0.61640625 0.02890625 0.11171875
0 0.4125 0.85546875 0.05390625 0.14921875
0 0.46953125 0.8875 0.04375 0.15625
0 0.46953125 0.79140625 0.05625 0.08515625
0 0.87421875 0.79296875 0.0546875 0.21484375
0 0.8296875 0.94375 0.05625 0.11171875