0 0.5765625 0.9375 0.0640625 0.1109375
0 0.71953125 0.9265625 0.0625 0.146875
0 0.85 0.9453125 0.06875 0.109375
0 0.8484375 0.8859375 0.06953125 0.0984375
0 0.71875 0.7734375 0.0640625 0.09140625
0 0.725 0.67734375 0.04375 0.10546875
0 0.77578125 0.7 0.0390625 0.11484375
0 0.80625 0.66484375 0.0421875 0.08203125
0 0.94453125 0.640625 0.04375 0.0859375
0 0.83515625 0.53828125 0.02890625 0.05390625
0 0.62890625 0.50859375 0.0328125 0.04296875
0 0.12734375 0.5296875 0.028125 0.12265625
0 0.15625 0.58984375 0.0390625 0.071875
0 0.93671875 0.57578125 0.0359375 0.06328125
0 0.96171875 0.56484375 0.0296875 0.0640625
0 0.971875 0.55859375 0.0234375 0.0546875
0 0.403125 0.540625 0.021875 0.0546875
0 0.43046875 0.52109375 0.015625 0.02421875
0 0.4328125 0.5453125 0.02265625 0.05625
0 0.4515625 0.528125 0.01484375 0.025
0 0.4578125 0.54609375 0.021875 0.05390625
0 0.47890625 0.53359375 0.0171875 0.0390625