0 0.41640625 0.8578125 0.05078125 0.16328125
0 0.375 0.67734375 0.046875 0.1171875
0 0.46015625 0.8109375 0.0546875 0.1015625
0 0.8296875 0.9453125 0.05859375 0.10859375
0 0.5890625 0.65234375 0.0421875 0.1515625
0 0.5359375 0.62734375 0.034375 0.09140625
0 0.55078125 0.58828125 0.0328125 0.06875
0 0.4328125 0.49765625 0.03203125 0.096875
0 0.5265625 0.51875 0.02734375 0.06328125
0 0.309375 0.51171875 0.02734375 0.0921875
0 0.253125 0.515625 0.0203125 0.07265625
0 0.2578125 0.54921875 0.02734375 0.0390625
0 0.215625 0.52421875 0.0234375 0.07578125
0 0.1953125 0.54140625 0.01640625 0.11328125
0 0.13046875 0.52265625 0.01328125 0.1046875
0 0.1421875 0.52890625 0.0125 0.11484375
0 0.1828125 0.5390625 0.00859375 0.109375
0 0.1015625 0.61640625 0.03515625 0.13046875
0 0.0828125 0.53671875 0.021875 0.11953125
0 0.04453125 0.54609375 0.0234375 0.1234375