0 0.55 0.95234375 0.0703125 0.09453125
0 0.703125 0.7953125 0.0578125 0.1125
0 0.828125 0.96171875 0.08125 0.0765625
0 0.846875 0.90390625 0.0625 0.1125
0 0.9578125 0.91328125 0.06875 0.17265625
0 0.94453125 0.64296875 0.040625 0.08359375
0 0.01484375 0.5484375 0.025 0.1515625
0 0.065625 0.53203125 0.0203125 0.1390625
0 0.43359375 0.5875 0.02734375 0.12890625
0 0.36640625 0.5390625 0.021875 0.0609375
0 0.396875 0.5171875 0.0171875 0.0234375
0 0.39453125 0.54453125 0.021875 0.0546875
0 0.415625 0.53046875 0.0140625 0.03515625
0 0.4421875 0.53203125 0.01953125 0.0421875
0 0.9390625 0.578125 0.02578125 0.0609375
0 0.96796875 0.56171875 0.02890625 0.05546875
0 0.946875 0.53359375 0.02734375 0.0515625
0 0.978125 0.525 0.02265625 0.04296875