0 0.578125 0.94296875 0.06875 0.1140625
0 0.71953125 0.7671875 0.05078125 0.09921875
0 0.85546875 0.8921875 0.06953125 0.09765625
0 0.834375 0.95234375 0.078125 0.0953125
0 0.96875 0.90078125 0.06171875 0.1984375
0 0.9453125 0.63828125 0.0421875 0.07578125
0 0.9421875 0.57109375 0.0359375 0.0625
0 0.128125 0.53046875 0.021875 0.10234375
0 0.39609375 0.5140625 0.02578125 0.0890625
0 0.96171875 0.5625 0.0234375 0.0609375
0 0.975 0.54921875 0.01953125 0.046875
0 0.40625 0.53671875 0.0203125 0.0484375
0 0.43125 0.54375 0.01875 0.05546875
0 0.45390625 0.54296875 0.021875 0.05859375
0 0.47734375 0.53671875 0.01796875 0.03671875
0 0.4125 0.51953125 0.0171875 0.0265625