0 0.13671875 0.5515625 0.025 0.11171875
0 0.16171875 0.5875 0.0421875 0.065625
0 0.43359375 0.54296875 0.03046875 0.059375
0 0.45859375 0.54453125 0.02734375 0.05546875
0 0.48125 0.5171875 0.0265625 0.04296875
0 0.63671875 0.51640625 0.0328125 0.05546875
0 0.55390625 0.496875 0.02890625 0.04765625
0 0.840625 0.540625 0.0296875 0.05234375
0 0.9421875 0.58046875 0.034375 0.0625
0 0.96640625 0.56953125 0.0296875 0.0578125
0 0.80390625 0.6734375 0.03671875 0.0765625
0 0.76328125 0.71796875 0.0375 0.07578125
0 0.70390625 0.7078125 0.04296875 0.05859375
0 0.71953125 0.790625 0.05859375 0.07109375
0 0.73125 0.92265625 0.08671875 0.1546875
0 0.84609375 0.9421875 0.08515625 0.115625
0 0.846875 0.88203125 0.08671875 0.09296875
0 0.5828125 0.9421875 0.075 0.115625