0 0.01328125 0.62578125 0.0265625 0.0828125
0 0.46015625 0.55234375 0.03203125 0.059375
0 0.60546875 0.54375 0.02890625 0.05703125
0 0.640625 0.509375 0.0265625 0.0546875
0 0.53359375 0.5171875 0.01796875 0.06484375
0 0.56171875 0.5078125 0.01953125 0.04609375
0 0.55859375 0.48515625 0.02265625 0.03828125
0 0.73125 0.69765625 0.03046875 0.08359375
0 0.7765625 0.71953125 0.03828125 0.08984375
0 0.81796875 0.66953125 0.0390625 0.0796875
0 0.9671875 0.88984375 0.0609375 0.21953125
0 0.9921875 0.81640625 0.015625 0.27578125
0 0.859375 0.53125 0.02265625 0.04609375
0 0.88203125 0.525 0.02265625 0.0765625
0 0.9578125 0.5796875 0.0265625 0.07109375
0 0.9828125 0.5671875 0.0265625 0.06328125
0 0.99375 0.55078125 0.0125 0.0484375