0 0.72578125 0.703125 0.034375 0.08515625
0 0.76484375 0.7125 0.03359375 0.075
0 0.79453125 0.64296875 0.03515625 0.128125
0 0.909375 0.565625 0.02734375 0.05625
0 0.971875 0.5390625 0.02890625 0.04609375
0 0.859375 0.52890625 0.02265625 0.04921875
0 0.8375 0.53671875 0.02890625 0.03671875
0 0.696875 0.49609375 0.025 0.0765625
0 0.5921875 0.54609375 0.02578125 0.0453125
0 0.0171875 0.62265625 0.034375 0.07890625
0 0.1171875 0.5953125 0.0296875 0.046875
0 0.11328125 0.56328125 0.02734375 0.0765625
0 0.45078125 0.55390625 0.028125 0.046875
0 0.2359375 0.51796875 0.0203125 0.0875
0 0.525 0.51015625 0.021875 0.046875
0 0.55234375 0.50625 0.01484375 0.02890625
0 0.55234375 0.490625 0.0203125 0.03203125