0 0.746875 0.5453125 0.0296875 0.06171875
0 0.90234375 0.55234375 0.04453125 0.11015625
0 0.4171875 0.86875 0.06640625 0.1671875
0 0.48671875 0.7796875 0.0671875 0.1296875
0 0.02109375 0.62578125 0.0421875 0.0828125
0 0.12578125 0.59765625 0.040625 0.06484375
0 0.065625 0.540625 0.03203125 0.1125
0 0.134375 0.52578125 0.02265625 0.11171875
0 0.2015625 0.528125 0.03203125 0.1296875
0 0.396875 0.5390625 0.03203125 0.07734375
0 0.43828125 0.54140625 0.02890625 0.059375
0 0.52734375 0.67578125 0.03671875 0.1828125
0 0.54921875 0.490625 0.01875 0.03828125
0 0.54140625 0.60703125 0.02421875 0.0453125
0 0.5609375 0.6 0.0265625 0.0453125
0 0.53984375 0.5375 0.02578125 0.04375
0 0.52578125 0.51796875 0.01875 0.04765625
0 0.55234375 0.50859375 0.0234375 0.0390625