0 0.24140625 0.5125 0.0421875 0.1203125
0 0.4515625 0.55625 0.040625 0.065625
0 0.5484375 0.50625 0.03671875 0.0625
0 0.634375 0.51640625 0.03203125 0.05
0 0.5921875 0.55234375 0.03046875 0.04375
0 0.71875 0.71015625 0.0328125 0.09140625
0 0.7640625 0.7171875 0.0390625 0.08828125
0 0.803125 0.66640625 0.046875 0.06796875
0 0.86015625 0.52421875 0.02421875 0.075
0 0.8375 0.5390625 0.0234375 0.04453125
0 0.9703125 0.56953125 0.03671875 0.06484375
0 0.04375 0.5484375 0.03203125 0.1296875
0 0.01484375 0.63125 0.0296875 0.08203125
0 0.1375 0.52734375 0.0265625 0.1046875