0 0.43359375 0.57890625 0.0328125 0.06015625
0 0.58125 0.5703125 0.0296875 0.0578125
0 0.61796875 0.534375 0.02734375 0.05546875
0 0.50859375 0.54296875 0.01875 0.06640625
0 0.5375 0.5328125 0.01953125 0.046875
0 0.53359375 0.51015625 0.02265625 0.0390625
0 0.709375 0.72734375 0.03125 0.0859375
0 0.75625 0.75 0.0390625 0.09140625
0 0.79921875 0.6984375 0.040625 0.08125
0 0.95078125 0.90546875 0.0625 0.18828125
0 0.984375 0.8484375 0.03125 0.28125
0 0.84140625 0.55703125 0.0234375 0.046875
0 0.8640625 0.55078125 0.0234375 0.078125
0 0.94140625 0.60625 0.0265625 0.07265625
0 0.9671875 0.59375 0.02734375 0.0640625
0 0.9828125 0.57734375 0.02265625 0.05