0 0.56640625 0.9515625 0.0671875 0.09609375
0 0.71796875 0.79765625 0.06015625 0.1078125
0 0.84140625 0.9578125 0.07265625 0.084375
0 0.85625 0.91328125 0.046875 0.115625
0 0.953125 0.68828125 0.04609375 0.11484375
0 0.58125 0.50390625 0.028125 0.090625
0 0.959375 0.4765625 0.03203125 0.10390625
0 0.94765625 0.6421875 0.03046875 0.06015625
0 0.94921875 0.58125 0.0421875 0.0546875
0 0.97109375 0.57734375 0.03125 0.0515625
0 0.02265625 0.5609375 0.025 0.1421875
0 0.05234375 0.55078125 0.02734375 0.1390625
0 0.10546875 0.56640625 0.03203125 0.1234375
0 0.11171875 0.53359375 0.02109375 0.13125
0 0.1640625 0.53125 0.01484375 0.13203125
0 0.39609375 0.54375 0.028125 0.06953125
0 0.41953125 0.553125 0.02109375 0.046875
0 0.46875 0.54609375 0.02265625 0.04140625
0 0.4453125 0.55546875 0.02109375 0.0578125
0 0.41953125 0.52734375 0.01484375 0.02734375