0 0.5765625 0.9390625 0.06640625 0.1125
0 0.72578125 0.77734375 0.059375 0.10625
0 0.8484375 0.946875 0.071875 0.10625
0 0.8625 0.89140625 0.046875 0.1140625
0 0.95859375 0.66875 0.0453125 0.1140625
0 0.59140625 0.48671875 0.02734375 0.08984375
0 0.965625 0.459375 0.03203125 0.10234375
0 0.953125 0.6234375 0.03046875 0.059375
0 0.95546875 0.56328125 0.04140625 0.0546875
0 0.9765625 0.559375 0.03125 0.05078125
0 0.0390625 0.54296875 0.02421875 0.140625
0 0.0671875 0.5328125 0.0265625 0.1375
0 0.1203125 0.5484375 0.03203125 0.12265625
0 0.1265625 0.51640625 0.0203125 0.1296875
0 0.178125 0.5140625 0.01484375 0.13046875
0 0.40859375 0.52578125 0.02734375 0.06875
0 0.43125 0.5359375 0.0203125 0.04609375
0 0.4796875 0.528125 0.021875 0.04140625
0 0.45703125 0.5375 0.0203125 0.05703125
0 0.43046875 0.51015625 0.0140625 0.0265625