0 0.6046875 0.61640625 0.034375 0.1546875
0 0.634375 0.5203125 0.02890625 0.04375
0 0.7296875 0.72890625 0.0359375 0.09375
0 0.765625 0.7421875 0.0359375 0.08671875
0 0.8125 0.68515625 0.04140625 0.08515625
0 0.85859375 0.96015625 0.0796875 0.0796875
0 0.87109375 0.9203125 0.08046875 0.12265625
0 0.875 0.5359375 0.02265625 0.071875
0 0.853125 0.54140625 0.03046875 0.04296875
0 0.9578125 0.58359375 0.0328125 0.06484375
0 0.98359375 0.578125 0.02734375 0.06484375
0 0.99296875 0.5640625 0.0140625 0.04453125
0 0.52109375 0.521875 0.0203125 0.04296875
0 0.54921875 0.51171875 0.01953125 0.03125
0 0.546875 0.49609375 0.01953125 0.03125
0 0.053125 0.584375 0.02734375 0.1171875
0 0.0265625 0.5546875 0.0296875 0.1359375