0 0.01640625 0.62734375 0.0328125 0.0796875
0 0.4546875 0.5546875 0.03125 0.0578125
0 0.59609375 0.546875 0.028125 0.05546875
0 0.63046875 0.5125 0.02578125 0.053125
0 0.52578125 0.5203125 0.01796875 0.06328125
0 0.55390625 0.5109375 0.01875 0.04453125
0 0.55 0.4890625 0.021875 0.0375
0 0.71796875 0.69609375 0.0296875 0.08203125
0 0.7625 0.71796875 0.03671875 0.0875
0 0.803125 0.66875 0.03828125 0.07734375
0 0.9484375 0.88828125 0.059375 0.22265625
0 0.98203125 0.8125 0.0359375 0.26875
0 0.84375 0.534375 0.021875 0.0453125
0 0.86484375 0.528125 0.021875 0.07421875
0 0.9390625 0.58125 0.02578125 0.06875
0 0.96328125 0.56875 0.02578125 0.0609375
0 0.97890625 0.553125 0.021875 0.04765625