0 0.56328125 0.9421875 0.08359375 0.115625
0 0.85546875 0.9421875 0.08046875 0.115625
0 0.84765625 0.87890625 0.090625 0.109375
0 0.71796875 0.70546875 0.0390625 0.08203125
0 0.75703125 0.72109375 0.0453125 0.0765625
0 0.8 0.66328125 0.04296875 0.0671875
0 0.69140625 0.55 0.02734375 0.09765625
0 0.4796875 0.5625 0.03125 0.08671875
0 0.15703125 0.58515625 0.0453125 0.0703125
0 0.09921875 0.5546875 0.03046875 0.1171875
0 0.1359375 0.52734375 0.0234375 0.11953125
0 0.0140625 0.628125 0.028125 0.07421875
0 0.040625 0.553125 0.015625 0.12109375
0 0.63046875 0.51171875 0.02890625 0.040625
0 0.8390625 0.5375 0.025 0.04375
0 0.53515625 0.50390625 0.01796875 0.0640625
0 0.5515625 0.509375 0.01484375 0.03359375
0 0.54921875 0.49140625 0.01640625 0.0359375
0 0.93515625 0.578125 0.03359375 0.0625
0 0.959375 0.565625 0.02578125 0.05703125
0 0.975 0.55 0.01640625 0.0359375