0 0.31953125 0.80234375 0.06484375 0.2515625
0 0.56953125 0.940625 0.071875 0.1078125
0 0.7140625 0.778125 0.0453125 0.11015625
0 0.84140625 0.9421875 0.06484375 0.115625
0 0.84921875 0.88046875 0.05703125 0.103125
0 0.775 0.59765625 0.03046875 0.10546875
0 0.9375 0.640625 0.0375 0.08203125
0 0.99296875 0.66484375 0.0140625 0.19765625
0 0.9296875 0.571875 0.03359375 0.06015625
0 0.9609375 0.55703125 0.03125 0.05625
0 0.4375 0.59375 0.02578125 0.11015625
0 0.06171875 0.5421875 0.02578125 0.13046875
0 0.1375 0.53046875 0.025 0.1140625
0 0.4046875 0.53125 0.0296875 0.0671875
0 0.52109375 0.5140625 0.021875 0.04296875
0 0.43203125 0.53984375 0.02109375 0.05546875
0 0.45625 0.546875 0.0234375 0.05625
0 0.47734375 0.53984375 0.02421875 0.04296875