0 0.6125 0.95 0.06171875 0.1
0 0.75546875 0.91953125 0.1046875 0.1609375
0 0.903125 0.953125 0.078125 0.09375
0 0.9109375 0.90390625 0.07421875 0.11953125
0 0.7671875 0.7078125 0.0390625 0.10390625
0 0.80625 0.72265625 0.034375 0.09140625
0 0.85390625 0.67265625 0.04609375 0.09765625
0 0.14453125 0.5796875 0.053125 0.09609375
0 0.1171875 0.5171875 0.03046875 0.1140625
0 0.0703125 0.52421875 0.03203125 0.14921875
0 0.0171875 0.54375 0.0265625 0.14765625
0 0.04140625 0.54375 0.0265625 0.16328125
0 0.24375 0.50625 0.028125 0.11484375
0 0.575 0.47890625 0.021875 0.040625
0 0.6640625 0.4984375 0.0296875 0.0484375
0 0.8921875 0.53046875 0.02890625 0.03671875
0 0.99453125 0.57265625 0.0109375 0.06484375