0 0.7296875 0.50625 0.0328125 0.06796875
0 0.89921875 0.5140625 0.04921875 0.1203125
0 0.3703125 0.859375 0.07265625 0.1828125
0 0.4453125 0.7625 0.0734375 0.1421875
0 0.0515625 0.56328125 0.04453125 0.0703125
0 0.06015625 0.48515625 0.025 0.121875
0 0.13359375 0.4875 0.03515625 0.14140625
0 0.34765625 0.49921875 0.03515625 0.08515625
0 0.39296875 0.5015625 0.03203125 0.06484375
0 0.48984375 0.6484375 0.03984375 0.2
0 0.5140625 0.446875 0.02109375 0.04140625
0 0.5046875 0.5734375 0.0265625 0.04921875
0 0.5265625 0.565625 0.02890625 0.04921875
0 0.50390625 0.49765625 0.028125 0.0484375
0 0.48828125 0.4765625 0.0203125 0.05234375
0 0.5171875 0.46640625 0.025 0.04296875