0 0.0953125 0.59453125 0.0390625 0.06953125
0 0.10703125 0.5171875 0.03125 0.1171875
0 0.23828125 0.5515625 0.03203125 0.0640625
0 0.26640625 0.5171875 0.021875 0.09375
0 0.2921875 0.515625 0.02109375 0.10078125
0 0.3921875 0.53203125 0.03046875 0.06875
0 0.440625 0.54375 0.034375 0.07265625
0 0.54609375 0.5390625 0.02578125 0.0578125
0 0.55859375 0.50078125 0.0234375 0.05078125
0 0.5421875 0.63125 0.03046875 0.10390625
0 0.5703125 0.6171875 0.03125 0.1203125
0 0.4046875 0.8734375 0.05703125 0.16015625
0 0.465625 0.9078125 0.04765625 0.1671875
0 0.465625 0.8046875 0.06015625 0.09140625
0 0.9 0.80625 0.05859375 0.23125
0 0.85234375 0.95390625 0.06015625 0.09140625