0 0.2453125 0.59609375 0.03515625 0.12734375
0 0.015625 0.62734375 0.03125 0.0859375
0 0.36640625 0.5171875 0.03125 0.103125
0 0.45625 0.55859375 0.034375 0.06484375
0 0.590625 0.54765625 0.02421875 0.04921875
0 0.63125 0.5140625 0.02578125 0.0359375
0 0.525 0.5140625 0.01640625 0.05078125
0 0.55390625 0.51171875 0.01640625 0.03359375
0 0.5515625 0.49296875 0.0171875 0.028125
0 0.7234375 0.7015625 0.03359375 0.08046875
0 0.7609375 0.7203125 0.03359375 0.0765625
0 0.8015625 0.665625 0.0359375 0.0609375
0 0.8375 0.53515625 0.0265625 0.03671875
0 0.86640625 0.521875 0.03046875 0.0625
0 0.96171875 0.56171875 0.02734375 0.0640625
0 0.975 0.55234375 0.0125 0.03359375