0 0.58125 0.94375 0.08984375 0.1125
0 0.89453125 0.94375 0.08671875 0.1125
0 0.88671875 0.88203125 0.09765625 0.11796875
0 0.74765625 0.69609375 0.04140625 0.0875
0 0.78984375 0.7125 0.04921875 0.08203125
0 0.8359375 0.65078125 0.04609375 0.07265625
0 0.71875 0.528125 0.02890625 0.1046875
0 0.4921875 0.5421875 0.03359375 0.09296875
0 0.14609375 0.56640625 0.0484375 0.07578125
0 0.08359375 0.53359375 0.0328125 0.12578125
0 0.1234375 0.5046875 0.025 0.128125
0 0.00390625 0.6125 0.00703125 0.0796875
0 0.02109375 0.5328125 0.0171875 0.1296875
0 0.65390625 0.4875 0.03125 0.04375
0 0.878125 0.515625 0.0265625 0.046875
0 0.5515625 0.4796875 0.01953125 0.06875
0 0.56875 0.48515625 0.015625 0.0359375
0 0.56640625 0.465625 0.0171875 0.0390625
0 0.98046875 0.55859375 0.0359375 0.0671875
0 0.99609375 0.5453125 0.00703125 0.0609375