0 0.75390625 0.54609375 0.03046875 0.0625
0 0.9109375 0.55390625 0.0453125 0.11171875
0 0.41875 0.875 0.0671875 0.16953125
0 0.4890625 0.784375 0.06875 0.13203125
0 0.01875 0.62734375 0.03671875 0.08359375
0 0.12265625 0.59921875 0.04140625 0.065625
0 0.06171875 0.54140625 0.0328125 0.1140625
0 0.13125 0.5265625 0.0234375 0.11328125
0 0.19921875 0.52890625 0.0328125 0.13125
0 0.3984375 0.53984375 0.0328125 0.07890625
0 0.43984375 0.5421875 0.0296875 0.06015625
0 0.53046875 0.67890625 0.0375 0.1859375
0 0.55234375 0.490625 0.01953125 0.0390625
0 0.54453125 0.609375 0.02421875 0.04609375
0 0.56484375 0.6015625 0.0265625 0.04609375
0 0.54296875 0.53828125 0.02578125 0.04453125
0 0.52890625 0.51875 0.01875 0.0484375
0 0.55546875 0.509375 0.0234375 0.03984375