0 0.55390625 0.95625 0.0734375 0.0875
0 0.70546875 0.784375 0.0546875 0.10625
0 0.85078125 0.91796875 0.075 0.10546875
0 0.8296875 0.965625 0.084375 0.06875
0 0.96953125 0.91015625 0.0609375 0.1796875
0 0.946875 0.6453125 0.0453125 0.08125
0 0.94375 0.5734375 0.0390625 0.0671875
0 0.07109375 0.5296875 0.0234375 0.109375
0 0.35859375 0.51171875 0.028125 0.09609375
0 0.96484375 0.5640625 0.025 0.06484375
0 0.9796875 0.55 0.02109375 0.05078125
0 0.36953125 0.53671875 0.021875 0.0515625
0 0.39609375 0.54453125 0.01953125 0.06015625
0 0.4203125 0.54296875 0.0234375 0.0625
0 0.4453125 0.5359375 0.01875 0.0390625
0 0.3765625 0.51796875 0.01796875 0.02890625