0 0.2515625 0.5859375 0.0375 0.13671875
0 0.0109375 0.61953125 0.021875 0.0921875
0 0.38125 0.5015625 0.03359375 0.1109375
0 0.47734375 0.54609375 0.03671875 0.06953125
0 0.621875 0.53359375 0.02578125 0.05234375
0 0.665625 0.4984375 0.02734375 0.0390625
0 0.5515625 0.4984375 0.01796875 0.0546875
0 0.58203125 0.49609375 0.01796875 0.03671875
0 0.5796875 0.475 0.01796875 0.03046875
0 0.7640625 0.7 0.03671875 0.08671875
0 0.80390625 0.71953125 0.0359375 0.08203125
0 0.8484375 0.6609375 0.03828125 0.065625
0 0.88671875 0.52109375 0.028125 0.0390625
0 0.9171875 0.50703125 0.03203125 0.0671875