0 0.01875 0.62109375 0.0375 0.0796875
0 0.11796875 0.60234375 0.04375 0.0671875
0 0.1265625 0.5203125 0.01875 0.1171875
0 0.13984375 0.52578125 0.01171875 0.12890625
0 0.23125 0.5171875 0.021875 0.11015625
0 0.24921875 0.51953125 0.01484375 0.10390625
0 0.2625 0.51796875 0.01640625 0.09375
0 0.29296875 0.51171875 0.02265625 0.0953125
0 0.33203125 0.51953125 0.0265625 0.0875
0 0.4 0.528125 0.028125 0.0828125
0 0.4359375 0.54140625 0.02578125 0.05
0 0.4140625 0.8625 0.04921875 0.1734375
0 0.75859375 0.715625 0.04453125 0.0765625
0 0.53203125 0.63671875 0.0296875 0.1078125
0 0.55078125 0.5921875 0.03046875 0.04609375
0 0.5203125 0.51171875 0.01953125 0.04296875
0 0.53359375 0.534375 0.02109375 0.0453125
0 0.54921875 0.50859375 0.01796875 0.034375
0 0.5484375 0.4921875 0.01953125 0.0328125
0 0.74296875 0.5453125 0.02578125 0.046875
0 0.9 0.57109375 0.03359375 0.071875