0 0.403125 0.85625 0.0546875 0.17890625
0 0.35859375 0.659375 0.05078125 0.128125
0 0.45078125 0.80546875 0.059375 0.1109375
0 0.8546875 0.94609375 0.0640625 0.10703125
0 0.59140625 0.63203125 0.04609375 0.165625
0 0.53359375 0.6046875 0.0375 0.09921875
0 0.55 0.56171875 0.0359375 0.075
0 0.42109375 0.46328125 0.034375 0.10625
0 0.52421875 0.4859375 0.0296875 0.06875
0 0.28671875 0.478125 0.03046875 0.10078125
0 0.225 0.4828125 0.021875 0.07890625
0 0.23046875 0.51953125 0.03046875 0.0421875
0 0.184375 0.4921875 0.02578125 0.0828125
0 0.16171875 0.5109375 0.01796875 0.1234375
0 0.09140625 0.490625 0.01484375 0.11484375
0 0.1046875 0.496875 0.0140625 0.12578125
0 0.14921875 0.5078125 0.009375 0.11953125
0 0.059375 0.59296875 0.03828125 0.1421875
0 0.0390625 0.50625 0.02421875 0.13046875
0 0.00546875 0.51484375 0.01015625 0.1359375