0 0.57265625 0.94921875 0.0703125 0.1015625
0 0.7265625 0.925 0.08671875 0.15
0 0.846875 0.94453125 0.0796875 0.1109375
0 0.84921875 0.878125 0.08203125 0.121875
0 0.71328125 0.7734375 0.05703125 0.0875
0 0.71796875 0.70234375 0.04609375 0.07109375
0 0.76015625 0.7140625 0.04453125 0.06953125
0 0.8015625 0.6609375 0.04453125 0.06796875
0 0.83359375 0.53203125 0.0296875 0.04765625
0 0.61015625 0.56953125 0.0421875 0.13359375
0 0.53984375 0.48125 0.02421875 0.03984375
0 0.62265625 0.5015625 0.02421875 0.03671875
0 0.41796875 0.51328125 0.02421875 0.08046875
0 0.1234375 0.57734375 0.03671875 0.08046875
0 0.04375 0.5390625 0.028125 0.11953125
0 0.06328125 0.52265625 0.02578125 0.14921875
0 0.94296875 0.571875 0.0296875 0.065625
0 0.96796875 0.55625 0.03046875 0.0546875