0 0.24453125 0.525 0.04296875 0.12421875
0 0.46171875 0.5703125 0.04140625 0.06796875
0 0.5625 0.51875 0.03828125 0.0640625
0 0.65078125 0.52890625 0.0328125 0.0515625
0 0.60703125 0.56640625 0.03203125 0.0453125
0 0.7375 0.7296875 0.03359375 0.09375
0 0.784375 0.73671875 0.040625 0.09140625
0 0.825 0.68359375 0.0484375 0.0703125
0 0.88359375 0.5375 0.025 0.07734375
0 0.86015625 0.55234375 0.02421875 0.04609375
0 0.9890625 0.584375 0.021875 0.0671875
0 0.04140625 0.5625 0.0328125 0.134375
0 0.01328125 0.64765625 0.0265625 0.08515625
0 0.1375 0.540625 0.02734375 0.10859375