0 0.1234375 0.540625 0.02734375 0.12265625
0 0.15078125 0.58046875 0.04609375 0.07265625
0 0.44921875 0.53046875 0.03359375 0.065625
0 0.47734375 0.5328125 0.0296875 0.0609375
0 0.5015625 0.503125 0.02890625 0.04765625
0 0.671875 0.50234375 0.0359375 0.06171875
0 0.58125 0.4796875 0.03203125 0.05234375
0 0.896875 0.528125 0.0328125 0.0578125
0 0.99375 0.5703125 0.0125 0.06875
0 0.85625 0.67421875 0.040625 0.084375
0 0.8109375 0.7234375 0.04140625 0.08359375
0 0.74609375 0.7125 0.04765625 0.06484375
0 0.76328125 0.803125 0.06484375 0.078125
0 0.77578125 0.93125 0.0953125 0.1375
0 0.90234375 0.953125 0.09453125 0.09375
0 0.903125 0.903125 0.0953125 0.10234375
0 0.61328125 0.953125 0.0828125 0.09375