0 0.74296875 0.7359375 0.03671875 0.09140625
0 0.784375 0.746875 0.0359375 0.08046875
0 0.81640625 0.67109375 0.0375 0.1375
0 0.93984375 0.58828125 0.02890625 0.06015625
0 0.9953125 0.559375 0.009375 0.05
0 0.8859375 0.54921875 0.02421875 0.053125
0 0.8625 0.55703125 0.03125 0.0390625
0 0.71171875 0.51328125 0.0265625 0.08203125
0 0.59921875 0.5671875 0.028125 0.0484375
0 0.08984375 0.6203125 0.03203125 0.05078125
0 0.08515625 0.5859375 0.02890625 0.08203125
0 0.44765625 0.57578125 0.03046875 0.05
0 0.2171875 0.5375 0.02109375 0.09453125
0 0.52734375 0.52890625 0.0234375 0.05
0 0.55703125 0.525 0.01640625 0.03125
0 0.55625 0.5078125 0.021875 0.034375