0 0.58359375 0.96015625 0.0703125 0.0796875
0 0.72421875 0.79765625 0.06171875 0.09296875
0 0.84453125 0.95859375 0.0703125 0.0828125
0 0.97578125 0.925 0.0484375 0.15
0 0.86796875 0.91875 0.0640625 0.0984375
0 0.95390625 0.66484375 0.04921875 0.08203125
0 0.4 0.5453125 0.02734375 0.059375
0 0.4265625 0.55625 0.01953125 0.04921875
0 0.4484375 0.54921875 0.01796875 0.028125
0 0.46328125 0.56015625 0.02265625 0.06328125
0 0.47734375 0.55703125 0.01875 0.03671875
0 0.25 0.54765625 0.025 0.0796875
0 0.95 0.5921875 0.03125 0.05625
0 0.98046875 0.57890625 0.03046875 0.0546875