0 0.57265625 0.95390625 0.0703125 0.0921875
0 0.7265625 0.9296875 0.0875 0.140625
0 0.8484375 0.94921875 0.0796875 0.10078125
0 0.85078125 0.8890625 0.0828125 0.121875
0 0.7140625 0.7828125 0.05703125 0.08828125
0 0.71796875 0.71171875 0.046875 0.071875
0 0.76171875 0.7234375 0.04453125 0.0703125
0 0.803125 0.6703125 0.0453125 0.06875
0 0.83515625 0.540625 0.0296875 0.04765625
0 0.61015625 0.578125 0.04296875 0.13359375
0 0.53984375 0.48984375 0.02421875 0.03984375
0 0.62265625 0.51015625 0.02421875 0.03671875
0 0.4171875 0.52265625 0.02421875 0.08125
0 0.12109375 0.5859375 0.03671875 0.08046875
0 0.040625 0.54765625 0.028125 0.1203125
0 0.0609375 0.53125 0.0265625 0.15
0 0.9453125 0.58125 0.03046875 0.06640625
0 0.9703125 0.56484375 0.03046875 0.0546875