0 0.015625 0.625 0.03125 0.07578125
0 0.1171875 0.59609375 0.0265625 0.0546875
0 0.17890625 0.55 0.028125 0.10234375
0 0.07578125 0.5375 0.02421875 0.121875
0 0.090625 0.54453125 0.01796875 0.109375
0 0.11875 0.54609375 0.0234375 0.11640625
0 0.23203125 0.51875 0.01953125 0.096875
0 0.14140625 0.54609375 0.0171875 0.121875
0 0.32109375 0.51328125 0.02265625 0.09609375
0 0.4203125 0.49609375 0.021875 0.0796875
0 0.39375 0.53828125 0.02578125 0.06796875
0 0.43515625 0.5421875 0.02890625 0.04609375
0 0.53125 0.628125 0.03359375 0.09453125
0 0.5578125 0.62734375 0.028125 0.1046875
0 0.74765625 0.5484375 0.0296875 0.06015625
0 0.759375 0.7171875 0.0328125 0.08203125
0 0.90546875 0.5703125 0.03125 0.06796875
0 0.98359375 0.59453125 0.02578125 0.1515625
0 0.5390625 0.540625 0.0296875 0.05234375
0 0.525 0.51796875 0.025 0.04140625
0 0.55 0.509375 0.01953125 0.04296875
0 0.54765625 0.49375 0.01796875 0.03984375
0 0.2359375 0.48515625 0.015625 0.065625