0 0.5671875 0.93984375 0.0671875 0.11953125
0 0.7125 0.77578125 0.0546875 0.10625
0 0.83125 0.94921875 0.07734375 0.1015625
0 0.8484375 0.87890625 0.05859375 0.10625
0 0.953125 0.903125 0.065625 0.19375
0 0.940625 0.63203125 0.03828125 0.07890625
0 0.02109375 0.5453125 0.02265625 0.11484375
0 0.06015625 0.54296875 0.0234375 0.14296875
0 0.10859375 0.52734375 0.01875 0.13125
0 0.45703125 0.5796875 0.02578125 0.121875
0 0.39296875 0.53359375 0.02109375 0.0578125
0 0.421875 0.51328125 0.01640625 0.021875
0 0.41953125 0.5390625 0.0203125 0.0515625
0 0.43984375 0.52578125 0.01328125 0.03359375
0 0.46484375 0.52734375 0.01796875 0.03984375
0 0.93515625 0.57109375 0.02421875 0.0578125
0 0.9625 0.55546875 0.02734375 0.05234375
0 0.9421875 0.52890625 0.02578125 0.04921875
0 0.97265625 0.5203125 0.02109375 0.040625
0 0.9953125 0.59296875 0.009375 0.178125