0 0.58671875 0.9453125 0.090625 0.10859375
0 0.90390625 0.9453125 0.0875 0.10859375
0 0.89609375 0.88515625 0.0984375 0.11875
0 0.7546875 0.69765625 0.0421875 0.0890625
0 0.79765625 0.7140625 0.04921875 0.08359375
0 0.84453125 0.6515625 0.046875 0.0734375
0 0.72578125 0.528125 0.0296875 0.10625
0 0.496875 0.54140625 0.034375 0.09453125
0 0.146875 0.56640625 0.04921875 0.0765625
0 0.08359375 0.5328125 0.03359375 0.12734375
0 0.12421875 0.50390625 0.025 0.1296875
0 0.003125 0.6125 0.00625 0.08046875
0 0.0203125 0.53203125 0.0171875 0.13125
0 0.66015625 0.4859375 0.03203125 0.04375
0 0.88671875 0.51484375 0.0265625 0.04765625
0 0.55625 0.478125 0.01953125 0.0703125
0 0.57421875 0.484375 0.015625 0.0359375
0 0.571875 0.46484375 0.0171875 0.0390625
0 0.9859375 0.5578125 0.028125 0.0671875