0 0.56875 0.9515625 0.065625 0.096875
0 0.7140625 0.93671875 0.065625 0.1265625
0 0.8484375 0.95703125 0.0703125 0.0859375
0 0.846875 0.90859375 0.07109375 0.10078125
0 0.7140625 0.79296875 0.065625 0.09375
0 0.7203125 0.69453125 0.04453125 0.1078125
0 0.77265625 0.71796875 0.040625 0.11796875
0 0.8046875 0.68203125 0.04375 0.08359375
0 0.94609375 0.65703125 0.0453125 0.08828125
0 0.83359375 0.5515625 0.0296875 0.05546875
0 0.621875 0.52109375 0.034375 0.04453125
0 0.10703125 0.54296875 0.02890625 0.1265625
0 0.13671875 0.6046875 0.03984375 0.07421875
0 0.93828125 0.590625 0.03671875 0.06484375
0 0.9640625 0.57890625 0.03046875 0.065625
0 0.97421875 0.571875 0.02421875 0.05625
0 0.38984375 0.55390625 0.02265625 0.05625
0 0.41875 0.534375 0.015625 0.025
0 0.4203125 0.55859375 0.0234375 0.0578125
0 0.43984375 0.54140625 0.01484375 0.02578125
0 0.446875 0.56015625 0.02265625 0.0546875
0 0.46796875 0.546875 0.0171875 0.040625