0 0.1625 0.5921875 0.0390625 0.14140625
0 0.29609375 0.5046875 0.03515625 0.11484375
0 0.396875 0.55078125 0.03828125 0.07265625
0 0.54609375 0.53828125 0.0265625 0.0546875
0 0.59140625 0.5015625 0.028125 0.03984375
0 0.4734375 0.5015625 0.01875 0.05625
0 0.5046875 0.49921875 0.01875 0.0375
0 0.50234375 0.47734375 0.01875 0.03125
0 0.69296875 0.709375 0.0375 0.08984375
0 0.734375 0.73046875 0.0375 0.08515625
0 0.78046875 0.66953125 0.03984375 0.06796875
0 0.81953125 0.525 0.0296875 0.040625
0 0.8515625 0.51015625 0.03359375 0.06953125
0 0.95859375 0.55390625 0.03046875 0.07109375
0 0.9734375 0.54375 0.0140625 0.0375