0 0.13828125 0.56640625 0.02578125 0.11484375
0 0.1640625 0.603125 0.04296875 0.06796875
0 0.44296875 0.55703125 0.03125 0.0609375
0 0.46875 0.559375 0.028125 0.05703125
0 0.4921875 0.53125 0.0265625 0.04453125
0 0.6515625 0.53046875 0.03359375 0.05703125
0 0.56640625 0.51015625 0.0296875 0.04921875
0 0.8609375 0.5546875 0.03046875 0.05390625
0 0.96484375 0.5953125 0.03515625 0.0640625
0 0.98671875 0.58359375 0.0265625 0.0578125
0 0.8234375 0.690625 0.03828125 0.07890625
0 0.78125 0.73671875 0.03828125 0.078125
0 0.72109375 0.7265625 0.04453125 0.06015625
0 0.7359375 0.81171875 0.06015625 0.0734375
0 0.7484375 0.93359375 0.0890625 0.13203125
0 0.86640625 0.95390625 0.08828125 0.0921875
0 0.8671875 0.90546875 0.0890625 0.0953125
0 0.59609375 0.95390625 0.0765625 0.0921875