0 0.58671875 0.9453125 0.0671875 0.10859375
0 0.73359375 0.921875 0.0828125 0.15625
0 0.85 0.940625 0.0765625 0.11796875
0 0.85234375 0.871875 0.07890625 0.11640625
0 0.721875 0.77109375 0.0546875 0.08359375
0 0.72578125 0.703125 0.04453125 0.06796875
0 0.7671875 0.7140625 0.0421875 0.0671875
0 0.80625 0.66328125 0.04296875 0.065625
0 0.8375 0.53984375 0.028125 0.0453125
0 0.62265625 0.57578125 0.040625 0.12734375
0 0.55546875 0.49140625 0.0234375 0.03828125
0 0.63515625 0.5109375 0.02265625 0.03515625
0 0.4390625 0.52265625 0.0234375 0.07734375
0 0.15625 0.58359375 0.03515625 0.0765625
0 0.0796875 0.546875 0.0265625 0.11484375
0 0.09921875 0.53046875 0.025 0.14296875
0 0.015625 0.60703125 0.03125 0.1140625
0 0.9421875 0.578125 0.02890625 0.06328125
0 0.965625 0.56328125 0.0296875 0.05234375