0 0.615625 0.6078125 0.03359375 0.15234375
0 0.6453125 0.51328125 0.028125 0.04296875
0 0.7390625 0.71875 0.03515625 0.0921875
0 0.77421875 0.73203125 0.03515625 0.0859375
0 0.8203125 0.675 0.040625 0.08359375
0 0.86640625 0.95390625 0.0796875 0.0921875
0 0.878125 0.90703125 0.07890625 0.1203125
0 0.88125 0.528125 0.021875 0.07109375
0 0.86015625 0.53359375 0.0296875 0.0421875
0 0.96328125 0.57578125 0.03203125 0.0640625
0 0.9875 0.5703125 0.025 0.0625
0 0.9953125 0.55625 0.00859375 0.04375
0 0.53359375 0.51484375 0.01953125 0.04296875
0 0.5609375 0.5046875 0.01875 0.03125
0 0.559375 0.48984375 0.01953125 0.03125
0 0.01015625 0.625 0.01953125 0.08671875
0 0.0734375 0.5765625 0.0265625 0.115625
0 0.046875 0.546875 0.02890625 0.13359375