0 0.59296875 0.97578125 0.0609375 0.0484375
0 0.73671875 0.94609375 0.10390625 0.10703125
0 0.88359375 0.9796875 0.078125 0.040625
0 0.88984375 0.94765625 0.07421875 0.10390625
0 0.74765625 0.7609375 0.03828125 0.10390625
0 0.7859375 0.77578125 0.03359375 0.090625
0 0.83359375 0.72578125 0.04609375 0.096875
0 0.128125 0.63359375 0.053125 0.0953125
0 0.10078125 0.571875 0.03046875 0.11328125
0 0.0546875 0.57890625 0.03203125 0.1484375
0 0.00703125 0.596875 0.0140625 0.146875
0 0.02578125 0.5984375 0.0265625 0.1625
0 0.2265625 0.5609375 0.028125 0.1140625
0 0.55703125 0.53359375 0.021875 0.03984375
0 0.6453125 0.553125 0.0296875 0.04765625
0 0.871875 0.584375 0.028125 0.0359375
0 0.984375 0.62734375 0.03125 0.06484375
0 0.99609375 0.61015625 0.00703125 0.0578125