0 0.2890625 0.79921875 0.06796875 0.2640625
0 0.5515625 0.94375 0.07578125 0.1125
0 0.70390625 0.77421875 0.04765625 0.115625
0 0.8359375 0.9421875 0.06875 0.115625
0 0.8453125 0.88125 0.059375 0.1078125
0 0.7671875 0.58515625 0.03203125 0.11015625
0 0.9375 0.63046875 0.0390625 0.0859375
0 0.99375 0.65390625 0.0125 0.2078125
0 0.9296875 0.5578125 0.03515625 0.06328125
0 0.9625 0.54296875 0.0328125 0.059375
0 0.41328125 0.58046875 0.02734375 0.115625
0 0.01875 0.52734375 0.02734375 0.13671875
0 0.0984375 0.5140625 0.02578125 0.11953125
0 0.378125 0.515625 0.03125 0.0703125
0 0.50078125 0.49765625 0.02265625 0.04453125
0 0.40703125 0.52421875 0.02265625 0.0578125
0 0.4328125 0.53203125 0.025 0.05859375
0 0.4546875 0.52421875 0.02578125 0.0453125