0 0.603125 0.6046875 0.03203125 0.14609375
0 0.63125 0.5140625 0.02734375 0.04140625
0 0.72109375 0.7109375 0.03359375 0.08828125
0 0.7546875 0.7234375 0.03359375 0.08203125
0 0.79921875 0.66953125 0.0390625 0.08046875
0 0.84375 0.94609375 0.0765625 0.10703125
0 0.8546875 0.89140625 0.07578125 0.115625
0 0.8578125 0.52890625 0.02109375 0.06796875
0 0.8375 0.534375 0.028125 0.040625
0 0.93671875 0.57421875 0.03046875 0.06171875
0 0.96015625 0.56953125 0.02578125 0.0609375
0 0.971875 0.55625 0.0171875 0.0421875
0 0.52421875 0.515625 0.01875 0.040625
0 0.55078125 0.50703125 0.01796875 0.0296875
0 0.54921875 0.4921875 0.01875 0.0296875
0 0.0171875 0.621875 0.03046875 0.08359375
0 0.08359375 0.575 0.02578125 0.1109375
0 0.05859375 0.546875 0.02734375 0.128125