0 0.57890625 0.94296875 0.0671875 0.1
0 0.71796875 0.771875 0.0609375 0.1015625
0 0.84140625 0.94296875 0.0703125 0.1140625
0 0.85078125 0.88046875 0.0578125 0.0984375
0 0.94375 0.6390625 0.03828125 0.078125
0 0.9390625 0.5734375 0.028125 0.06796875
0 0.9625 0.5625 0.028125 0.07265625
0 0.05859375 0.55078125 0.03359375 0.14296875
0 0.103125 0.534375 0.02265625 0.13203125
0 0.13046875 0.5328125 0.01484375 0.11953125
0 0.99140625 0.6859375 0.01640625 0.19765625
0 0.20390625 0.890625 0.059375 0.03125
0 0.1390625 0.5234375 0.0125 0.12109375
0 0.4078125 0.53515625 0.0234375 0.0578125
0 0.43203125 0.5140625 0.015625 0.02734375
0 0.43125 0.54296875 0.01953125 0.059375
0 0.44921875 0.52890625 0.01328125 0.02578125
0 0.4578125 0.5453125 0.01640625 0.06015625
0 0.4765625 0.53828125 0.01953125 0.04375