0 0.5703125 0.959375 0.06953125 0.08046875
0 0.71484375 0.79375 0.06328125 0.10546875
0 0.84296875 0.95625 0.0734375 0.0875
0 0.853125 0.90703125 0.06015625 0.10234375
0 0.94921875 0.65625 0.03984375 0.08125
0 0.94375 0.58828125 0.02890625 0.0703125
0 0.96875 0.57578125 0.0296875 0.075
0 0.03046875 0.56484375 0.03515625 0.1484375
0 0.0765625 0.546875 0.0234375 0.1375
0 0.10546875 0.54609375 0.015625 0.12421875
0 0.99453125 0.7046875 0.01015625 0.20546875
0 0.18203125 0.9171875 0.06171875 0.03203125
0 0.1140625 0.5359375 0.01328125 0.12578125
0 0.39296875 0.5484375 0.02421875 0.06015625
0 0.41875 0.52578125 0.015625 0.028125
0 0.41796875 0.55625 0.01953125 0.06171875
0 0.4359375 0.54140625 0.0140625 0.02734375
0 0.4453125 0.55859375 0.0171875 0.0625
0 0.46484375 0.5515625 0.0203125 0.0453125