0 0.053125 0.6078125 0.04765625 0.07265625
0 0.06171875 0.5203125 0.0203125 0.12578125
0 0.07734375 0.52578125 0.01328125 0.1390625
0 0.175 0.51640625 0.0234375 0.11953125
0 0.19453125 0.51875 0.015625 0.1125
0 0.20859375 0.51796875 0.01796875 0.10078125
0 0.2421875 0.5109375 0.02421875 0.10234375
0 0.284375 0.51875 0.02890625 0.09453125
0 0.3578125 0.52890625 0.03046875 0.0890625
0 0.39609375 0.54296875 0.028125 0.0546875
0 0.37265625 0.88984375 0.053125 0.18671875
0 0.74375 0.73125 0.0484375 0.08203125
0 0.49921875 0.64609375 0.03203125 0.11640625
0 0.51953125 0.59765625 0.0328125 0.04921875
0 0.48671875 0.5109375 0.02109375 0.046875
0 0.5015625 0.53515625 0.02265625 0.04921875
0 0.51875 0.50703125 0.01875 0.0375
0 0.5171875 0.4890625 0.02109375 0.0359375
0 0.72734375 0.546875 0.02734375 0.05078125
0 0.896875 0.575 0.03671875 0.07734375