0 0.72265625 0.70390625 0.034375 0.084375
0 0.76171875 0.71328125 0.0328125 0.07421875
0 0.790625 0.64375 0.03515625 0.12734375
0 0.90546875 0.5671875 0.0265625 0.05546875
0 0.96796875 0.54140625 0.02890625 0.04609375
0 0.85546875 0.53046875 0.02265625 0.04921875
0 0.83359375 0.53828125 0.02890625 0.03671875
0 0.69375 0.49765625 0.025 0.07578125
0 0.5890625 0.54765625 0.02578125 0.0453125
0 0.0171875 0.6234375 0.034375 0.07890625
0 0.1171875 0.596875 0.0296875 0.046875
0 0.11328125 0.56484375 0.02734375 0.07578125
0 0.4484375 0.55546875 0.028125 0.04609375
0 0.23515625 0.51953125 0.01953125 0.0875
0 0.52265625 0.51171875 0.021875 0.04609375
0 0.55 0.5078125 0.01484375 0.02890625
0 0.55 0.49296875 0.0203125 0.03203125