0 0.4015625 0.8875 0.05234375 0.16953125
0 0.359375 0.7 0.0484375 0.12109375
0 0.446875 0.8390625 0.05625 0.10546875
0 0.83046875 0.9609375 0.0609375 0.078125
0 0.58046875 0.675 0.04453125 0.15703125
0 0.52578125 0.6484375 0.03515625 0.09453125
0 0.54140625 0.6078125 0.034375 0.07109375
0 0.41875 0.5140625 0.0328125 0.10078125
0 0.51640625 0.5359375 0.028125 0.065625
0 0.290625 0.528125 0.02890625 0.0953125
0 0.23203125 0.5328125 0.02109375 0.075
0 0.2375 0.5671875 0.02890625 0.040625
0 0.19375 0.54140625 0.02421875 0.07890625
0 0.17265625 0.559375 0.0171875 0.1171875
0 0.10546875 0.53984375 0.0140625 0.109375
0 0.11796875 0.54609375 0.01328125 0.11953125
0 0.16015625 0.55703125 0.00859375 0.11328125
0 0.075 0.6375 0.03671875 0.13515625
0 0.05546875 0.5546875 0.02265625 0.12421875
0 0.01640625 0.5640625 0.02421875 0.128125