0 0.5828125 0.9390625 0.05625 0.121875
0 0.7140625 0.91171875 0.09453125 0.1765625
0 0.8484375 0.9421875 0.071875 0.115625
0 0.8546875 0.88125 0.0671875 0.10859375
0 0.7234375 0.703125 0.03515625 0.09453125
0 0.759375 0.71640625 0.03125 0.0828125
0 0.80234375 0.67109375 0.0421875 0.0890625
0 0.009375 0.6109375 0.01875 0.1265625
0 0.15703125 0.5859375 0.0484375 0.0875
0 0.13125 0.5296875 0.028125 0.10390625
0 0.0890625 0.5359375 0.02890625 0.1359375
0 0.040625 0.55390625 0.02421875 0.134375
0 0.0625 0.55390625 0.02421875 0.1484375
0 0.246875 0.51953125 0.02578125 0.10390625
0 0.5484375 0.49453125 0.01953125 0.03671875
0 0.6296875 0.5125 0.0265625 0.04375
0 0.8375 0.54140625 0.02578125 0.0328125
0 0.93984375 0.58046875 0.02890625 0.05859375
0 0.9609375 0.56484375 0.02578125 0.053125
0 0.9765625 0.5515625 0.01484375 0.03671875