0 0.32734375 0.821875 0.06796875 0.26328125
0 0.5890625 0.9546875 0.07578125 0.090625
0 0.73984375 0.796875 0.04765625 0.115625
0 0.87109375 0.953125 0.0671875 0.09375
0 0.88046875 0.903125 0.059375 0.1078125
0 0.803125 0.6078125 0.03203125 0.11015625
0 0.97265625 0.653125 0.0390625 0.08515625
0 0.96484375 0.58125 0.03515625 0.0625
0 0.990625 0.565625 0.01875 0.059375
0 0.4515625 0.603125 0.02734375 0.11484375
0 0.05859375 0.55 0.02734375 0.1359375
0 0.1375 0.5375 0.02578125 0.11953125
0 0.41640625 0.5390625 0.03125 0.06953125
0 0.53828125 0.5203125 0.02265625 0.04453125
0 0.4453125 0.54765625 0.021875 0.0578125
0 0.47109375 0.5546875 0.02421875 0.05859375
0 0.49296875 0.546875 0.02578125 0.04453125