0 0.01328125 0.61484375 0.0265625 0.08359375
0 0.12109375 0.5828125 0.02890625 0.06015625
0 0.1890625 0.5328125 0.03125 0.1125
0 0.07578125 0.51875 0.0265625 0.13359375
0 0.0921875 0.5265625 0.01953125 0.1203125
0 0.1234375 0.528125 0.025 0.12734375
0 0.24765625 0.4984375 0.021875 0.10625
0 0.14765625 0.528125 0.01953125 0.13359375
0 0.3453125 0.4921875 0.025 0.10546875
0 0.4546875 0.47265625 0.02421875 0.0875
0 0.425 0.5203125 0.028125 0.075
0 0.4703125 0.52421875 0.03203125 0.05078125
0 0.5765625 0.61796875 0.03671875 0.10390625
0 0.60546875 0.6171875 0.03125 0.11484375
0 0.81328125 0.53125 0.0328125 0.065625
0 0.82734375 0.71640625 0.03671875 0.090625
0 0.98515625 0.55390625 0.0296875 0.075
0 0.584375 0.52265625 0.03203125 0.05703125
0 0.56875 0.496875 0.02734375 0.04609375
0 0.596875 0.48828125 0.02109375 0.04765625
0 0.59375 0.4703125 0.01953125 0.04453125
0 0.2515625 0.4609375 0.0171875 0.07265625