0 0.01015625 0.6390625 0.01953125 0.0828125
0 0.109375 0.6125 0.03828125 0.06796875
0 0.12109375 0.5375 0.03046875 0.1140625
0 0.2484375 0.57109375 0.03125 0.0625
0 0.2765625 0.53671875 0.021875 0.09140625
0 0.30078125 0.53515625 0.0203125 0.09765625
0 0.3984375 0.55078125 0.0296875 0.06640625
0 0.4453125 0.5625 0.03359375 0.0703125
0 0.5484375 0.5578125 0.025 0.05625
0 0.56015625 0.52109375 0.02265625 0.04921875
0 0.54375 0.6484375 0.0296875 0.10078125
0 0.571875 0.634375 0.03046875 0.1171875
0 0.41015625 0.88359375 0.05546875 0.15625
0 0.46953125 0.9171875 0.04609375 0.1625
0 0.46953125 0.81640625 0.05859375 0.0890625
0 0.8921875 0.81875 0.05703125 0.225
0 0.8453125 0.95859375 0.05859375 0.08203125