0 0.57578125 0.9359375 0.06484375 0.109375
0 0.7203125 0.778125 0.0578125 0.10390625
0 0.8390625 0.9453125 0.06875 0.109375
0 0.85390625 0.8890625 0.0453125 0.1109375
0 0.94765625 0.67265625 0.04375 0.1109375
0 0.5890625 0.4953125 0.0265625 0.0875
0 0.95390625 0.46875 0.03125 0.1
0 0.9421875 0.62890625 0.0296875 0.0578125
0 0.94375 0.5703125 0.040625 0.053125
0 0.96484375 0.56640625 0.03046875 0.05
0 0.0515625 0.55 0.02421875 0.13671875
0 0.07890625 0.540625 0.0265625 0.134375
0 0.13125 0.55546875 0.03125 0.11953125
0 0.13671875 0.52421875 0.0203125 0.1265625
0 0.1875 0.521875 0.01484375 0.12734375
0 0.4109375 0.53359375 0.02734375 0.0671875
0 0.43359375 0.54296875 0.0203125 0.0453125
0 0.48046875 0.5359375 0.021875 0.03984375
0 0.45859375 0.5453125 0.0203125 0.05546875
0 0.4328125 0.51796875 0.0140625 0.02578125