0 0.8972942653564534 0.2664715235717721 0.07638178134945406 0.2148111766046426
0 0.8692430853755436 0.5183997405878044 0.08566696936663476 0.44076208549538853
0 0.9383462530235445 0.685398663635158 0.12330749395291107 0.21695068503286918
0 0.8792487920313394 0.8744918664694508 0.24150241593732105 0.1857311722010527
0 0.5746952960693605 0.8872640834500765 0.17303860534690862 0.18540467526214827
0 0.7714772000318166 0.3859291723929422 0.08483062802354446 0.3126283807600125
0 0.7356317013844522 0.6409670726729794 0.07939878803308939 0.43771723582011773
0 0.6708408533577261 0.29258548586022803 0.09840223201781732 0.23800296940959473
0 0.5958044906906352 0.2901264674787982 0.1641908640197265 0.26579561801943696
0 0.6052351293761798 0.5377131630448768 0.12289424936345306 0.40053536181999394
0 0.4865214920432708 0.54821154642934 0.12425675469445316 0.36995952688505124
0 0.30185668539145183 0.7509128159121009 0.09066245735199914 0.24882086274726115
0 0.17716576806172443 0.8034532634565147 0.13771927068745363 0.27862102361262797
0 0.08152600405790641 0.7572688366032806 0.05268974267981759 0.1748414582889508
0 0.32066013470717997 0.5188722076708135 0.07020450668363551 0.22569390353104313
0 0.1823601560311804 0.40201488938471036 0.05712270401018134 0.13603874457047369
0 0.15790559603754373 0.48661768641448444 0.06495338534372679 0.13914842783447848
0 0.10806922803945274 0.5137619991369853 0.054106792011454005 0.1526221693150109
0 0.016208992043270736 0.5677264566383162 0.02421929734245413 0.12074966260538537
0 0.029889684038816394 0.5086471326126896 0.052235209341181456 0.10520357528059428
0 0.05112833736472583 0.4102464261587124 0.041134077339272455 0.07968010227644687
0 0.015354469366634833 0.43680723658260595 0.023819308004454344 0.059468325558031616
0 0.08819198535963516 0.34183805234107073 0.03648294000636336 0.08505663215091311
0 0.060121529360271486 0.35136160289928803 0.025236357336090774 0.03724903658409169