0 0.1421875 0.8405824733001581 0.175 0.22247819297966767
0 0.7734375 0.8947500411325093 0.209375 0.2104999177349814
0 0.7140625 0.749165334630501 0.06875 0.24319203980070703
0 0.8796875 0.7534974365915104 0.1140625 0.23349796068986625
0 0.7015625 0.5390838242286504 0.0765625 0.22442334591885527
0 0.83125 0.40913910467570447 0.078125 0.16050247622326486
0 0.8578125 0.5035428156723945 0.084375 0.12208919242697566
0 0.9171875 0.5536584023374518 0.0609375 0.16446769747085963
0 0.959375 0.7414439456261485 0.071875 0.11256478508919195
0 0.99375 0.6109508290362512 0.0125 0.12373053547148845
0 0.98125 0.5457161152917824 0.0359375 0.12034924491228399
0 0.928125 0.37083626990007373 0.0375 0.08706904374037047
0 0.9578125 0.39310854791226807 0.034375 0.056136409872498357
0 0.996875 0.47475254368406766 0.00625 0.06465078305607848
0 0.98125 0.4593651403614203 0.03125 0.07534305177064296