0 0.8638848636200549 0.7715084365962208 0.22245039462538863 0.23065995753016025
0 0.6917060267318822 0.703517484253549 0.13582962613895014 0.3434985261044408
0 0.6724980843279239 0.14906704208488117 0.10820588410204515 0.213293941348747
0 0.6010781106362831 0.1426203612616013 0.04793624203690498 0.1323078174698876
0 0.5746528475526907 0.2837742699965451 0.114090405007558 0.4879703670850249
0 0.4958460371140516 0.455267154082904 0.1371638839608707 0.4792860629518297
0 0.5085265895895958 0.16327691315251522 0.07232856826055958 0.3064714852744426
0 0.43885258446909825 0.4362532779617635 0.11422764192396553 0.34956683959171925
0 0.22900860565695996 0.7099015957496186 0.19869364718563745 0.36108112248999447
0 0.2679030476373953 0.47333251977906393 0.10461044724210718 0.24614191328649707
0 0.14303882650600333 0.33953862950131014 0.0729208314853265 0.1819568466700258
0 0.04087011077745751 0.4636201076974461 0.0676872999152954 0.16480481860777588
0 0.10593366865584786 0.4264312797355869 0.07137374203690508 0.13473462444780357
0 0.03516541332358883 0.7144290433567515 0.07033082664717766 0.2087365051204974
0 0.0051548132459429425 0.36275637896586144 0.010309626491885885 0.07154767715863829
0 0.039063958047799545 0.2810957100234181 0.04188366311182733 0.09015578940763776
0 0.013441238231825508 0.29789676728580616 0.026882476463651016 0.05045796485944357