0 0.1234375 0.8444444444444444 0.2078125 0.18888888888888888
0 0.2875 0.7666666666666667 0.1125 0.2972222222222222
0 0.321875 0.2638888888888889 0.090625 0.18333333333333332
0 0.3859375 0.25 0.040625 0.11666666666666667
0 0.4046875 0.37777777777777777 0.0875 0.4305555555555556
0 0.471875 0.525 0.109375 0.41944444444444445
0 0.46875 0.2611111111111111 0.05625 0.26944444444444443
0 0.5234375 0.5027777777777778 0.09375 0.3055555555555556
0 0.7046875 0.7277777777777777 0.16875 0.30833333333333335
0 0.6765625 0.5194444444444445 0.0875 0.21388888888888888
0 0.79375 0.3861111111111111 0.0609375 0.15833333333333333
0 0.8828125 0.4888888888888889 0.05625 0.14444444444444443
0 0.825 0.46111111111111114 0.059375 0.11666666666666667
0 0.8890625 0.7138888888888889 0.0765625 0.18055555555555555
0 0.96875 0.5361111111111111 0.046875 0.10277777777777777
0 0.9484375 0.48055555555555557 0.0421875 0.09166666666666666
0 0.93125 0.39444444444444443 0.034375 0.06111111111111111
0 0.9578125 0.41388888888888886 0.0296875 0.06388888888888888
0 0.8890625 0.325 0.0359375 0.075
0 0.9140625 0.33611111111111114 0.028125 0.041666666666666664