0 0.8338718084386911 0.6692932723099477 0.12481263392680617 0.470850693606669
0 0.7622229050301245 0.5393722418579612 0.10129331330995513 0.4603044075642021
0 0.5555616221556833 0.8360926942922998 0.15845915665497756 0.24022500815683612
0 0.4382865730491877 0.6783717351472998 0.12176945454365722 0.4789152742234767
0 0.21700763676617987 0.8398427895980891 0.2730671274339843 0.30659204962664666
0 0.2039115730491877 0.700269135961941 0.13313187418757347 0.20446310155926314
0 0.3397672524323367 0.6792120975284462 0.07446598620028233 0.27133915834824485
0 0.22702969886161428 0.5057328561053152 0.08696598620028233 0.2725070197250258
0 0.3374490016215578 0.44244329530003407 0.06772506249917623 0.2206159518938377
0 0.1297183222384088 0.4702155366500187 0.047139827109672794 0.19086302395322607
0 0.1731137662320544 0.4299163226669402 0.05160913879807003 0.16901684940684483
0 0.025549019478465274 0.5329211667669095 0.04182503571381495 0.1263582235692452
0 0.11097623051823943 0.3130469727840395 0.04031708279171564 0.13178327153781627
0 0.07978077759614012 0.32153765686666014 0.027380706168510204 0.08604716503568716
0 0.06640011606989862 0.39248938392389515 0.04454093262955985 0.08486745910842666
0 0.0352046631477993 0.4009800680065158 0.028834112012708836 0.07505108642644773
0 0.049976275160508135 0.47208962228632806 0.044622753246410886 0.0932240050694293
0 0.19268988068039522 0.3528096342806463 0.06186480032431154 0.10040084510317158
0 0.10816269642598227 0.6646058338345469 0.06027502678536125 0.0974693471107397