0 0.8836944114963741 0.3093521446726104 0.0771147717116218 0.20353944814583738
0 0.8618280277074778 0.5477394576241424 0.09060369106587843 0.4211338110755805
0 0.9352119658801268 0.7122816912853001 0.12957606823974643 0.20872380624933476
0 0.8803190084770554 0.8880909954147954 0.2393619830458892 0.18268632252578207
0 0.5902206631490039 0.8916972219339527 0.16868584160399785 0.21660555613209453
0 0.7677826211735025 0.41305988942185196 0.08740160835322097 0.29857113698087295
0 0.7381765119917121 0.6539085497500475 0.08420814185166688 0.41530344607997544
0 0.6700685591390092 0.31718303493803873 0.0980094685684687 0.22666640736205523
0 0.5980480099247975 0.30862965921559976 0.16109166542531544 0.25154387347409496
0 0.6104838515287954 0.5456577957989486 0.12381429735218497 0.3779919049023833
0 0.4996191261359012 0.5438401263191589 0.12472182588823202 0.3529871006081091
0 0.3263700248119936 0.7230786236658624 0.09205056699689199 0.23754913428845575
0 0.21034691852568735 0.76278434963615 0.13489303846084474 0.26436927906728597
0 0.11848475020488777 0.7116702410438875 0.05273120181924558 0.1663552451504797
0 0.34093333085063093 0.5038657500129995 0.07115587014004517 0.21442217507223787
0 0.2081892973521849 0.3814929186940269 0.05639985731976358 0.12755253143200254
0 0.18529976095825473 0.4612355255639743 0.0643579065339753 0.13344773001634178
0 0.13907973242220745 0.48436015578495834 0.05371150496239876 0.14413595617653993
0 0.03875440074300705 0.5274997329629217 0.051348484284234296 0.11343045406412872
0 0.03399843424145306 0.6441672084732901 0.03688787799792801 0.1573503633021355
0 0.0638614086008899 0.4728915975647168 0.052547111248705015 0.09956771105119173
0 0.08326207195929075 0.37909174691562997 0.041027414391858155 0.0768297533673786
0 0.046417043423243466 0.4026053786690189 0.029580492142117155 0.056877311003899714
0 0.11603603060296189 0.3192367488204273 0.036412688998963993 0.07942076792151034
0 0.08961907981717361 0.3237056084526154 0.024383569892376132 0.03718420299535752