0 0.6501038770904859 0.4367109976039647 0.07787303970326391 0.22394612076726664
0 0.667288764248958 0.6752116623195615 0.08121624525034736 0.24082131312514152
0 0.7967619779641664 0.32610926048368055 0.061084276785486225 0.13399912833722458
0 0.873286803952222 0.44461942368165885 0.05359908510611113 0.15866351513055985
0 0.8252493474552081 0.41649131191395417 0.05497974715020852 0.1448169887468232
0 0.9678719521286109 0.4953856667943345 0.05170927678548622 0.13351282702961714
0 0.8865881973789582 0.26299357633438974 0.037246733282499986 0.10214270654452891
0 0.9115154621965971 0.2672678034881049 0.027398954597152782 0.06544470607257594
0 0.9486141122728469 0.41565937533779046 0.04338763050895835 0.0941103614552644
0 0.9341165075994443 0.33011890258677423 0.03066942496187508 0.0767488677897822
0 0.9666744344611804 0.34791545525248774 0.03212282218833344 0.06847337204671398