0 0.21438342395345766 0.7455747512500893 0.129000386387297 0.46079803879587394
0 0.28007740813612686 0.6047315530086429 0.10537188539871387 0.4500079259489388
0 0.4908451062726913 0.8494951152967548 0.1577726907221905 0.21924192203915965
0 0.5996842539915137 0.677646863325059 0.12450388737588014 0.4686678713796902
0 0.8214266028126502 0.7858527924453996 0.2700471976422726 0.2892566270262595
0 0.8278092539915137 0.6539601456353165 0.13245435574121878 0.20271854075916068
0 0.6948057530029306 0.6593938120279309 0.0762335306460784 0.2663536254488838
0 0.7985435652464895 0.4699264238512489 0.0887335306460784 0.2676515277880478
0 0.6895213923187961 0.42819604044018716 0.06883752471457942 0.21556539851328507
0 0.8928373933073793 0.41546167338977535 0.04788835475263546 0.185601154008801
0 0.8498222223568522 0.3836303946201084 0.052066518783080086 0.16380374482331328
0 0.9873229044103494 0.45521773044248026 0.02535419117930111 0.12350862799946978
0 0.9064595415204935 0.25768819973470625 0.04036501482874755 0.12924189643253375
0 0.9363380425090764 0.2629622276401946 0.0284088428896375 0.08353798676041704
0 0.9518648834215476 0.3255689398763231 0.0455326758934433 0.08253708715643324
0 0.9832422174139364 0.3278952146690817 0.028154174904859986 0.07239592547908
0 0.9708350593149906 0.40177875312933203 0.0457236768820259 0.09089363311743594
0 0.829416880455798 0.31315384980016353 0.06147601087441501 0.09808704168205953
0 0.9205405820524035 0.5996576329662384 0.059849843878220454 0.09513928856932982