0 0.671875 0.4777777777777778 0.0703125 0.20555555555555555
0 0.6890625 0.6972222222222222 0.071875 0.21944444444444444
0 0.80625 0.38055555555555554 0.0546875 0.12222222222222222
0 0.878125 0.49444444444444446 0.0484375 0.14444444444444443
0 0.834375 0.4638888888888889 0.0484375 0.13055555555555556
0 0.96875 0.5472222222222223 0.046875 0.12222222222222222
0 0.8890625 0.325 0.0328125 0.09444444444444444
0 0.9125 0.33055555555555555 0.025 0.058333333333333334
0 0.9484375 0.46944444444444444 0.0390625 0.08333333333333333
0 0.934375 0.39166666666666666 0.0265625 0.06944444444444445
0 0.965625 0.4083333333333333 0.028125 0.06388888888888888