0 0.1484375 0.2861111111111111 0.06875 0.19166666666666668
0 0.175 0.5166666666666667 0.0765625 0.4
0 0.10625 0.675 0.125 0.19444444444444445
0 0.1625 0.8444444444444444 0.2328125 0.1638888888888889
0 0.446875 0.8805555555555555 0.1578125 0.2388888888888889
0 0.2625 0.39166666666666666 0.0765625 0.2833333333333333
0 0.2984375 0.625 0.0703125 0.3972222222222222
0 0.3546875 0.30277777777777776 0.0890625 0.21388888888888888
0 0.4234375 0.2972222222222222 0.15 0.2361111111111111
0 0.4171875 0.525 0.109375 0.3611111111111111
0 0.525 0.5305555555555556 0.1109375 0.3333333333333333
0 0.6953125 0.7083333333333334 0.0828125 0.225
0 0.809375 0.7527777777777778 0.1234375 0.24722222222222223
0 0.896875 0.7055555555555556 0.046875 0.15833333333333333
0 0.6765625 0.49722222222222223 0.0640625 0.20277777777777778
0 0.8015625 0.3861111111111111 0.0515625 0.12222222222222222
0 0.8265625 0.46111111111111114 0.059375 0.125
0 0.871875 0.4861111111111111 0.0484375 0.1361111111111111
0 0.9703125 0.5305555555555556 0.0484375 0.10833333333333334
0 0.9796875 0.6444444444444445 0.0390625 0.15
0 0.94375 0.4777777777777778 0.0484375 0.09444444444444444
0 0.921875 0.3888888888888889 0.0375 0.07222222222222222
0 0.959375 0.4111111111111111 0.028125 0.05555555555555555
0 0.8890625 0.3277777777777778 0.0328125 0.075
0 0.9140625 0.3333333333333333 0.0234375 0.03333333333333333