0 0.12554165742663245 0.8724122123933482 0.1986488735787013 0.20774076454968643
0 0.28227750483814884 0.783365145874327 0.12894258930724706 0.31813753244046583
0 0.3009240051204975 0.2522530799983218 0.10159186305535757 0.19714462039707373
0 0.36765647881213825 0.23484034402546333 0.04619173151356133 0.12475102997894129
0 0.392337231372387 0.36749142656835837 0.10702135765251138 0.45882096007262513
0 0.46774602602601056 0.5198330247000207 0.13009483660582397 0.4488946520603069
0 0.45552049985882564 0.24144359310246363 0.06865753669052861 0.28720247095560897
0 0.520051978670964 0.49200767940723644 0.10890310509226264 0.325440425568319
0 0.7184124259130711 0.7188883550476294 0.1887726156156063 0.33514501732365126
0 0.683098010240995 0.5002915486640451 0.09955892619541977 0.23040870380521566
0 0.8005137524190744 0.35747938096876875 0.06952281570031076 0.17045397815537375
0 0.8977219523626048 0.45846595006539564 0.06428928413027961 0.15349773557956425
0 0.8357833944842143 0.43098624004116753 0.06650423151356151 0.12580468281209092
0 0.9117073996047118 0.6949105514220695 0.08587585779368574 0.1935486028973937
0 0.9815597196042125 0.5011187978708721 0.03688056079157498 0.1112287044669429
0 0.9661989365775892 0.4465431945152711 0.04693518415851479 0.09976244231386758
0 0.94609926820409 0.35829825666185516 0.03812162628012459 0.06871652270051777
0 0.9748613050357928 0.3763379599813724 0.033434126280124585 0.06847337204671398
0 0.8983296261389502 0.285439799332933 0.04013915258848329 0.08272514952012365
0 0.9253471524473094 0.29798952222971636 0.031143584186749607 0.046108199266105244