0 0.14760347727182857 0.23096893322388612 0.08207966314779931 0.40552034170878615
0 0.21533644805083535 0.28528550620669774 0.07520237175194149 0.34132383972027264
0 0.11482179951023737 0.7136409813666661 0.13137845941492107 0.17539217949285252
0 0.18337297645775438 0.8515230139595056 0.2299250535707224 0.1885762223021903
0 0.25400130194586934 0.5630915529203775 0.09633307792045169 0.42531066059798334
0 0.32230701704283327 0.6759039476302086 0.09608761606989855 0.40024102271497497
0 0.3611865105500115 0.4967882445934504 0.09817622158978576 0.29445626535268576
0 0.3691784683433748 0.1957257031609056 0.058104600648623085 0.19058188837015888
0 0.4284171006486231 0.18056645516139244 0.062437544642268604 0.1544674264214326
0 0.44858532467404083 0.3250243029562977 0.08591377516050827 0.4780085648478897
0 0.5147364301939279 0.21778098735972207 0.059413730518239304 0.32428662374620354
0 0.5056570795420094 0.8866287882920086 0.16292846834337488 0.20668109612065666
0 0.5345967370110613 0.4904049522952098 0.10444558684890541 0.45611339114769195
0 0.6016478693163094 0.47508364226966476 0.10538079545304768 0.3920789511852103
0 0.7611240551922803 0.6417264238842121 0.09310689204448082 0.2553618136523868
0 0.8976342995102374 0.6974023663582779 0.13672052434972953 0.2423417843964938
0 0.984483891435573 0.6398121404496235 0.031032217128854 0.15951985857879916
0 0.7419455868489054 0.43874034195708095 0.09587733603812651 0.21921493929845418
0 0.8798080511350903 0.31329296379900695 0.07003185633066593 0.13234536588479032
0 0.9166183043815014 0.40168396872995704 0.05281708279171582 0.12920331410718605
0 0.9682898985373025 0.41175642063948403 0.05125458279171582 0.12917090170197967
0 0.979208033278183 0.24993723281844593 0.03382162094116268 0.10374472736170132
0 0.9953815710222405 0.26350827296284723 0.009236857955519184 0.06150822388379833
0 0.9956338512575311 0.324789610010201 0.008732297484937845 0.08100683112613809