0 0.16938498329459503 0.834848457835558 0.1678819591631599 0.20009131425477095
0 0.7599653432760616 0.8777283312191558 0.20049605172143128 0.24454333756168828
0 0.7027034255827139 0.7178208457753313 0.06993553248413757 0.22209780703895587
0 0.8571726707733905 0.7114922982207172 0.11034227767481433 0.21221990087776818
0 0.6863294027172232 0.5196602872253989 0.07585815027015244 0.20557920052005016
0 0.8055853450053421 0.38974801720980273 0.07471231252120454 0.14708337879303068
0 0.8322768197775986 0.4768769337525645 0.08019842068857272 0.10828064971145088
0 0.8893452753125615 0.5204100321854778 0.05919643992586643 0.15216819592594935
0 0.9317907248570745 0.6943275158155764 0.06909722958157971 0.09958375429502324
0 0.9778075580283673 0.5734179676472182 0.04438488394326541 0.11581063270927895
0 0.9546974568009073 0.5085245523163556 0.047440484390903495 0.11004511666551055
0 0.8953373257680484 0.3479998104294034 0.037465283665263985 0.07911272003718386
0 0.9238442716843643 0.36837360198569286 0.03374008293962447 0.04837480881195704
0 0.9752629279449667 0.4423528835391829 0.03557540145127902 0.06235100676440324
0 0.9469196731356433 0.43033563794389623 0.029434528855940556 0.06772755200197189