0 0.14567506299888783 0.30792473077466215 0.08397869980235591 0.37569458598318356
0 0.20981315770898115 0.36260404860913686 0.07581758930724707 0.3167447600493182
0 0.12576989960471185 0.7483246435701579 0.12549979991529542 0.16751395424083465
0 0.19089364164161693 0.8808848893222806 0.21639781570031094 0.1824535612011014
0 0.25099814178279123 0.6212549801658294 0.09702473137238705 0.3933156863188807
0 0.3153938417263215 0.7315311033552779 0.09638769454068408 0.3738170790765408
0 0.3474335260260106 0.567124209376297 0.09632751038216938 0.27655104496826455
0 0.3478900103821694 0.294824714293808 0.057204826223654595 0.17644748456720208
0 0.4021224840738101 0.2848696745020375 0.06089126834526439 0.14614731919865948
0 0.42524073663405887 0.4199364224986195 0.08772532608248032 0.44266045472291726
0 0.4829930524755442 0.3268699273036668 0.0612090577372161 0.2990101586619096
0 0.4889972126741869 0.9207026166551664 0.15297235253201383 0.15859476668966727
0 0.5067175207643387 0.5759158013305307 0.10583828925077725 0.42452386010111487
0 0.5672909997176514 0.5692002810659401 0.10539867349399668 0.3633560241054727
0 0.7177907996329467 0.7385302521341579 0.09045694198043534 0.23999884264878485
0 0.8445198996047119 0.8005351273574249 0.13062691567207593 0.22902229339161126
0 0.9396657996329466 0.7546474014771838 0.06254477360693614 0.14904633557070535
0 0.6960684471009329 0.550765715154648 0.09239887357870132 0.2040141455878623
0 0.820462231372387 0.44586667326128204 0.06797572625188941 0.12443070189454268
0 0.8559138839608706 0.529030139636916 0.05069722099021767 0.12039667500538241
0 0.904715405007558 0.5436907335213081 0.05069722099021767 0.12039667500538241
0 0.986387580134615 0.6057570988238344 0.0272248397307699 0.10868710846548824
0 0.9706134207925736 0.5568143236541918 0.057872684158514785 0.10146557302160003
0 0.9108296261389501 0.3968529289055724 0.03434417889684269 0.0969775419255939
0 0.9377561471856375 0.40992450806600406 0.02994510523343692 0.05775332533749138
0 0.9823097839891055 0.485412434790904 0.03454159997176518 0.0553083131722914
0 0.9473887524190744 0.46620231973124654 0.0462071420651398 0.07838694309694563