0 0.159375 0.8305555555555556 0.1609375 0.19166666666666668
0 0.74375 0.8666666666666667 0.19375 0.2638888888888889
0 0.6890625 0.6944444444444444 0.0640625 0.21666666666666667
0 0.8421875 0.6833333333333333 0.10625 0.20555555555555555
0 0.678125 0.5 0.0703125 0.2
0 0.7984375 0.36944444444444446 0.071875 0.14166666666666666
0 0.8234375 0.45555555555555555 0.078125 0.10555555555555556
0 0.878125 0.49444444444444446 0.05625 0.14722222222222223
0 0.9171875 0.6638888888888889 0.0671875 0.09722222222222222
0 0.96875 0.5444444444444444 0.0515625 0.11388888888888889
0 0.94375 0.48333333333333334 0.04375 0.10833333333333334
0 0.8875 0.325 0.034375 0.07777777777777778
0 0.915625 0.34444444444444444 0.0328125 0.04722222222222222
0 0.965625 0.4166666666666667 0.034375 0.058333333333333334
0 0.9375 0.4027777777777778 0.028125 0.06666666666666667