0 0.2125 0.7361111111111112 0.1140625 0.4305555555555556
0 0.278125 0.6083333333333333 0.0921875 0.425
0 0.4765625 0.8833333333333333 0.146875 0.23333333333333334
0 0.584375 0.7111111111111111 0.109375 0.4388888888888889
0 0.7953125 0.8555555555555555 0.253125 0.28888888888888886
0 0.8046875 0.7083333333333334 0.1234375 0.18055555555555555
0 0.6765625 0.7027777777777777 0.0671875 0.24722222222222223
0 0.78125 0.5305555555555556 0.0796875 0.24722222222222223
0 0.6765625 0.4777777777777778 0.0625 0.2
0 0.871875 0.4861111111111111 0.0421875 0.175
0 0.8328125 0.4527777777777778 0.046875 0.1527777777777778
0 0.9734375 0.5388888888888889 0.040625 0.11388888888888889
0 0.8890625 0.33611111111111114 0.0359375 0.12222222222222222
0 0.91875 0.34444444444444444 0.025 0.07777777777777778
0 0.93125 0.4083333333333333 0.0421875 0.075
0 0.9609375 0.41388888888888886 0.0265625 0.06666666666666667
0 0.9484375 0.48055555555555557 0.0421875 0.08333333333333333
0 0.8125 0.38333333333333336 0.05625 0.08888888888888889
0 0.8953125 0.6666666666666666 0.0546875 0.08611111111111111