0 0.1359375 0.2972222222222222 0.0703125 0.3638888888888889
0 0.196875 0.3472222222222222 0.065625 0.3055555555555556
0 0.1015625 0.7305555555555555 0.1171875 0.15555555555555556
0 0.1625 0.8555555555555555 0.20625 0.1638888888888889
0 0.2296875 0.5972222222222222 0.0828125 0.38055555555555554
0 0.2890625 0.7 0.0828125 0.35833333333333334
0 0.3265625 0.5388888888888889 0.0859375 0.2638888888888889
0 0.3359375 0.26944444444444443 0.0515625 0.16944444444444445
0 0.390625 0.25555555555555554 0.0546875 0.1388888888888889
0 0.4078125 0.3861111111111111 0.0734375 0.4305555555555556
0 0.4671875 0.2916666666666667 0.05 0.2916666666666667
0 0.4546875 0.9027777777777778 0.1453125 0.19444444444444445
0 0.484375 0.5361111111111111 0.090625 0.4111111111111111
0 0.54375 0.525 0.0921875 0.35
0 0.6875 0.6777777777777778 0.08125 0.23055555555555557
0 0.809375 0.7305555555555555 0.121875 0.21388888888888888
0 0.90625 0.6805555555555556 0.05625 0.14444444444444443
0 0.671875 0.49444444444444446 0.084375 0.19444444444444445
0 0.796875 0.38333333333333336 0.0625 0.11666666666666667
0 0.8296875 0.4638888888888889 0.046875 0.11388888888888889
0 0.878125 0.4722222222222222 0.0453125 0.11666666666666667
0 0.9640625 0.5305555555555556 0.0390625 0.10277777777777777
0 0.9421875 0.48333333333333334 0.053125 0.09444444444444444
0 0.8890625 0.33055555555555555 0.0296875 0.09166666666666666
0 0.9140625 0.3416666666666667 0.028125 0.05555555555555555
0 0.95625 0.4111111111111111 0.0328125 0.05
0 0.921875 0.3972222222222222 0.0421875 0.07222222222222222